0.00613588464915452
-0.999698818696204
-0.0551952443496897
0.995184726672197
0.152797185258445
-0.975702130038529
-0.296150888243626
0.923879532511286
0.476799230063323
-0.817584813151585
-0.676092703575318
0.634393284163645
0.860866938637766
-0.359895036534985
-0.981963869109555
-2.69484193876077e-15
0.979569765685440
0.405241314004990
-0.799537269107904
-0.773010453362739
0.422000270799797
0.985277642388941
0.104121633872054
-0.923879532511288
-0.639124444863777
0.534997619887091
0.971503890986252
0.0980171403295636
-0.901348847046023
-0.724247082951469
0.377007410216410
1
0.388345046698835
-0.689540544737058
-0.943593458161963
-0.0980171403295675
0.854557988365397
0.844853565249711
-0.0919089564971174
-0.923879532511285
-0.776888465673238
0.170961888760294
0.939459223602188
0.773010453362747
-0.140658239332846
-0.914209755703525
-0.834862874986379
-1.12698454553386e-14
0.828045045257749
0.932992798834741
0.248927605745729
-0.634393284163640
-0.999077727752646
-0.575808191417844
0.284407537211266
0.923879532511278
0.884797098430940
0.219101240156880
-0.590759701858867
-0.995184726672195
-0.745057785441469
-0.0245412285229124
0.702754744457222
1
0.711432195745223
0.0245412285229232
-0.666999922303622
-0.995184726672197
-0.806847553543804
-0.219101240156870
0.465976495767954
0.923879532511278
0.958703474895871
0.575808191417853
-0.0429382569349403
-0.634393284163634
-0.968522094274415
-0.932992798834743
-0.560661576197354
-1.22495628946565e-14
0.550457972936584
0.914209755703529
0.990058210262298
0.773010453362738
0.342660717312001
-0.170961888760282
-0.629638238914918
-0.923879532511287
-0.995767414467661
-0.844853565249713
-0.519355990165598
-0.0980171403295762
0.331106305759875
0.689540544737059
0.921514039342037
1
0.926210242138312
0.724247082951478
0.433093818853161
0.0980171403295728
-0.237023605994359
-0.534997619887098
-0.769103337645581
-0.923879532511279
-0.994564570734253
-0.985277642388944
-0.906595704514919
-0.773010453362741
-0.600616479383879
-0.405241314005003
-0.201104634842101
-1.27394216143154e-14
0.189068664149796
0.359895036534973
0.508830142543092
0.634393284163637
0.736816568877370
0.817584813151585
0.879012226428625
0.923879532511280
0.955141168305768
0.975702130038526
0.988257567730748
0.995184726672197
0.998475580573295
0.999698818696204
0.999981175282601
1
0.999981175282601
0.999698818696204
0.998475580573295
0.995184726672196
0.988257567730750
0.975702130038526
0.955141168305772
0.923879532511286
0.879012226428632
0.817584813151577
0.736816568877370
0.634393284163637
0.508830142543105
0.359895036534999
0.189068664149810
1.56822878160886e-14
-0.201104634842101
-0.405241314004990
-0.600616479383868
-0.773010453362741
-0.906595704514925
-0.985277642388944
-0.994564570734258
-0.923879532511290
-0.769103337645581
-0.534997619887098
-0.237023605994373
0.0980171403295728
0.433093818853161
0.724247082951478
0.926210242138318
1
0.921514039342042
0.689540544737070
0.331106305759888
-0.0980171403295480
-0.519355990165598
-0.844853565249713
-0.995767414467661
-0.923879532511287
-0.629638238914929
-0.170961888760310
0.342660717311974
0.773010453362738
0.990058210262296
0.914209755703529
0.550457972936607
1.96129182054553e-15
-0.560661576197342
-0.932992798834743
-0.968522094274415
-0.634393284163667
-0.0429382569349403
0.575808191417830
0.958703474895871
0.923879532511294
0.465976495767966
-0.219101240156870
-0.806847553543804
-0.995184726672196
-0.666999922303633
0.0245412285229090
0.711432195745194
1
0.702754744457242
-0.0245412285229124
-0.745057785441469
-0.995184726672197
-0.590759701858867
0.219101240156866
0.884797098430940
0.923879532511294
0.284407537211280
-0.575808191417820
-0.999077727752646
-0.634393284163640
0.248927605745716
0.932992798834744
0.828045045257753
-4.16441809773759e-15
-0.834862874986363
-0.914209755703545
-0.140658239332874
0.773010453362738
0.939459223602190
0.170961888760301
-0.776888465673233
-0.923879532511285
-0.0919089564971315
0.844853565249711
0.854557988365420
-0.0980171403295250
-0.943593458161961
-0.689540544737094
0.388345046698829
1
0.377007410216417
-0.724247082951469
-0.901348847046023
0.0980171403295636
0.971503890986242
0.534997619887127
-0.639124444863744
-0.923879532511285
0.104121633872061
0.985277642388941
0.422000270799800
-0.773010453362737
-0.799537269107902
0.405241314004951
0.979569765685449
3.99377222068453e-14
-0.981963869109556
-0.359895036534989
0.860866938637768
0.634393284163645
-0.676092703575318
-0.817584813151557
0.476799230063323
0.923879532511286
-0.296150888243582
-0.975702130038529
0.152797185258399
0.995184726672197
-0.0551952443496445
-0.999698818696204
0.00613588464910811
1