10111111011111111111111011000100
10111100110010010000101010110000
111111011111111001110000011000
111101110010001011110100110110
10111111011111001111111001110011
10111110011000000101110000010011
111111011101001000010000100010
111110110000111110111100010101
10111111011000010000011011110010
10111111000100110110100000101010
111111001111001010000000000011
111111010001011110010000000011
10111111000000100100001010110001
10111111011011101101100010011110
111110010000011001101100110111
111111100000000000000000000000
111110010011011110111001100000
10111111011010100000100110100111
10111111000110011100001000000000
111111001000100110011110011001
111111011010000001011010101000
10111110001011110001000010100010
10111111011111101001101111001001
10111110110000111110111100010101
111111010001001110001111110101
111111010110000100100001010011
10111110011100101011011001010001
10111111011111101100010001101101
10111110110111011011111001111001
111111001100001000010110111011
111111011011010001110000011101
100110111101110001011000010111
10111111011010111110100001011000
10111111001110010110100001000010
111110101010011000011011000100
111111011111101100010001101101
111111000001001111010010000100
10111111000010001111010110011011
10111111011111101110101010011101
10111110110000111110111100010101
111111001000010010111111111001
111111011111000011101100101000
111110101011110111000100111010
10111111001000100110011110011001
10111111011111010111010001110100
10111110110011110111101111001010
111111000011001110101011010000
111111100000000000000000000000
111111000011111000011110000100
10111110101110000100010000101010
10111111011101111111000100010000
10111111010001011110010000000011
111101001011111110000000000111
111111010100010100110100111101
111111011101010110110110010111
111110110000111110111100010101
10111110111011101001010001111001
10111111011110011100011110011101
10111111010011101000110110010000
10111101110010001011110100110110
111111001010101100000010000010
111111011111111110110001000011
111111001101100010000001101100
100111010100111100100111001010
10111111001100111110011110111100
10111111011111111110110001000011
10111111001111101011110000011011
10111101110010001011110100110110
111111000101110011110000000111
111111011110011100011110011101
111111011000101000001000010000
111110110000111110111100010101
10111110100100011001110111011101
10111111010100010100110100111101
10111111011111111100001110001111
10111111010001011110010000000011
10111110011111101110011011100001
111110101110000100010000101010
111111010100111111101011000011
111111100000000000000000000000
111111010101011011100110010011
111110110011110111101111001010
10111110000100000000100010110111
10111111001000100110011110011001
10111111011100001000000001100110
10111111011111000011101100101000
10111111010001101110001000101010
10111110110000111110111100010101
111101101111000011101011000011
111111000010001111010110011011
111111010110101100010001010000
111111011111101100010001101101
111111011100011000111101010111
111111001110010110100001000010
111110110001101101010100101001
101000010000100010111100001111
10111110110000010000011100011110
10111111001100001000010110111011
10111111011001101011111011001100
10111111011111101100010001101101
10111111011110001011010001111011
10111111010110000100100001010011
10111111001000111001110110101001
10111110110000111110111100010101
10111101110101010011110110111001
111110001011110001000010100010
111110110110000001000001101011
111111001000100110011110011001
111111010011001010111001111001
111111011010100000100110100111
111111011110101100010100010110
111111100000000000000000000000
111111011110110110000111111100
111111011011101101100010011110
111111010111000110000111000111
111111010001011110010000000011
111111001011010001010001101001
111111000100110110100000101010
111110111101000001111100000111
111110110000111110111100010101
111110100101111010000100010111
111110011000000101110000010011
111110000111000111011011011110
111101110010001011110100110110
111101011000100001010001101001
111100110010010000101010110000
111011110010010000111110001000
101000101000110100110001001100
111011110010010000111110001000
111100110010010000101010110000
111101011000100001010001101001
111101110010001011110100110110
111110000111000111011011011110
111110011000000101110000010011
111110100101111010000100010111
111110110000111110111100010101
111110111101000001111100000111
111111000100110110100000101010
111111001011010001010001101001
111111010001011110010000000011
111111010111000110000111000111
111111011011101101100010011110
111111011110110110000111111100
111111100000000000000000000000
111111011110101100010100010110
111111011010100000100110100111
111111010011001010111001111001
111111001000100110011110011001
111110110110000001000001101011
111110001011110001000010100010
10111101110101010011110110111001
10111110110000111110111100010101
10111111001000111001110110101001
10111111010110000100100001010011
10111111011110001011010001111011
10111111011111101100010001101101
10111111011001101011111011001100
10111111001100001000010110111011
10111110110000010000011100011110
101000010000100010111100001111
111110110001101101010100101001
111111001110010110100001000010
111111011100011000111101010111
111111011111101100010001101101
111111010110101100010001010000
111111000010001111010110011011
111101101111000011101011000011
10111110110000111110111100010101
10111111010001101110001000101010
10111111011111000011101100101000
10111111011100001000000001100110
10111111001000100110011110011001
10111110000100000000100010110111
111110110011110111101111001010
111111010101011011100110010011
111111100000000000000000000000
111111010100111111101011000011
111110101110000100010000101010
10111110011111101110011011100001
10111111010001011110010000000011
10111111011111111100001110001111
10111111010100010100110100111101
10111110100100011001110111011101
111110110000111110111100010101
111111011000101000001000010000
111111011110011100011110011101
111111000101110011110000000111
10111101110010001011110100110110
10111111001111101011110000011011
10111111011111111110110001000011
10111111001100111110011110111100
100111010100111100100111001010
111111001101100010000001101100
111111011111111110110001000011
111111001010101100000010000010
10111101110010001011110100110110
10111111010011101000110110010000
10111111011110011100011110011101
10111110111011101001010001111001
111110110000111110111100010101
111111011101010110110110010111
111111010100010100110100111101
111101001011111110000000000111
10111111010001011110010000000011
10111111011101111111000100010000
10111110101110000100010000101010
111111000011111000011110000100
111111100000000000000000000000
111111000011001110101011010000
10111110110011110111101111001010
10111111011111010111010001110100
10111111001000100110011110011001
111110101011110111000100111010
111111011111000011101100101000
111111001000010010111111111001
10111110110000111110111100010101
10111111011111101110101010011101
10111111000010001111010110011011
111111000001001111010010000100
111111011111101100010001101101
111110101010011000011011000100
10111111001110010110100001000010
10111111011010111110100001011000
100110111101110001011000010111
111111011011010001110000011101
111111001100001000010110111011
10111110110111011011111001111001
10111111011111101100010001101101
10111110011100101011011001010001
111111010110000100100001010011
111111010001001110001111110101
10111110110000111110111100010101
10111111011111101001101111001001
10111110001011110001000010100010
111111011010000001011010101000
111111001000100110011110011001
10111111000110011100001000000000
10111111011010100000100110100111
111110010011011110111001100000
111111100000000000000000000000
111110010000011001101100110111
10111111011011101101100010011110
10111111000000100100001010110001
111111010001011110010000000011
111111001111001010000000000011
10111111000100110110100000101010
10111111011000010000011011110010
111110110000111110111100010101
111111011101001000010000100010
10111110011000000101110000010011
10111111011111001111111001110011
111101110010001011110100110110
111111011111111001110000011000
10111100110010010000101010110000
10111111011111111111111011000100
0
