-0.999981175282601
-0.0245412285229128
0.998475580573295
0.0980171403295614
-0.988257567730749
-0.219101240156870
0.955141168305770
0.382683432365091
-0.879012226428633
-0.575808191417843
0.736816568877368
0.773010453362738
-0.508830142543109
-0.932992798834740
0.189068664149808
1
0.201104634842093
-0.914209755703531
-0.600616479383870
0.634393284163643
0.906595704514917
-0.170961888760300
-0.994564570734255
-0.382683432365087
0.769103337645579
0.844853565249711
-0.237023605994366
-0.995184726672197
-0.433093818853151
0.689540544737065
0.926210242138315
1.71450551880629e-15
-0.921514039342038
-0.724247082951475
0.331106305759868
0.995184726672196
0.519355990165595
-0.534997619887092
-0.995767414467661
-0.382683432365094
0.629638238914920
0.985277642388942
0.342660717312001
-0.634393284163634
-0.990058210262298
-0.405241314005003
0.550457972936607
1
0.560661576197346
-0.359895036534982
-0.968522094274415
-0.773010453362741
0.0429382569349286
0.817584813151585
0.958703474895873
0.382683432365111
-0.465976495767962
-0.975702130038526
-0.806847553543805
-0.0980171403295772
0.666999922303634
0.999698818696204
0.711432195745220
2.93915231795365e-15
-0.702754744457218
-0.999698818696204
-0.745057785441480
-0.0980171403295563
0.590759701858868
0.975702130038529
0.884797098430945
0.382683432365111
-0.284407537211274
-0.817584813151579
-0.999077727752645
-0.773010453362746
-0.248927605745728
0.359895036534978
0.828045045257744
1
0.834862874986394
0.405241314004994
-0.140658239332843
-0.634393284163644
-0.939459223602188
-0.985277642388945
-0.776888465673240
-0.382683432365089
0.0919089564971247
0.534997619887087
0.854557988365396
0.995184726672195
0.943593458161961
0.724247082951474
0.388345046698839
1.07793677550431e-14
-0.377007410216416
-0.689540544737055
-0.901348847046018
-0.995184726672196
-0.971503890986254
-0.844853565249707
-0.639124444863775
-0.382683432365108
-0.104121633872076
0.170961888760284
0.422000270799793
0.634393284163641
0.799537269107897
0.914209755703525
0.979569765685439
1
0.981963869109557
0.932992798834745
0.860866938637776
0.773010453362744
0.676092703575316
0.575808191417843
0.476799230063337
0.382683432365105
0.296150888243634
0.219101240156882
0.152797185258453
0.0980171403295606
0.0551952443496890
0.0245412285229188
0.00613588464916259
1.81297244724735e-14
0.00613588464914838
0.0245412285229046
0.0551952443496890
0.0980171403295748
0.152797185258439
0.219101240156882
0.296150888243620
0.382683432365092
0.476799230063325
0.575808191417855
0.676092703575316
0.773010453362744
0.860866938637769
0.932992798834735
0.981963869109555
1
0.979569765685439
0.914209755703531
0.799537269107906
0.634393284163641
0.422000270799780
0.170961888760284
-0.104121633872034
-0.382683432365082
-0.639124444863775
-0.844853565249707
-0.971503890986251
-0.995184726672196
-0.901348847046018
-0.689540544737055
-0.377007410216403
1.07793677550431e-14
0.388345046698826
0.724247082951464
0.943593458161956
0.995184726672198
0.854557988365396
0.534997619887087
0.0919089564971247
-0.382683432365089
-0.776888465673231
-0.985277642388940
-0.939459223602198
-0.634393284163644
-0.140658239332857
0.405241314004994
0.834862874986379
1
0.828045045257752
0.359895036534978
-0.248927605745728
-0.773010453362719
-0.999077727752645
-0.817584813151595
-0.284407537211274
0.382683432365072
0.884797098430938
0.975702130038529
0.590759701858868
-0.0980171403295704
-0.745057785441470
-0.999698818696204
-0.702754744457249
2.93915231795365e-15
0.711432195745200
0.999698818696204
0.666999922303634
-0.0980171403295631
-0.806847553543805
-0.975702130038530
-0.465976495767962
0.382683432365071
0.958703474895869
0.817584813151601
0.0429382569349286
-0.773010453362741
-0.968522094274419
-0.359895036534976
0.560661576197340
1
0.550457972936630
-0.405241314004957
-0.990058210262294
-0.634393284163645
0.342660717311994
0.985277642388941
0.629638238914926
-0.382683432365094
-0.995767414467660
-0.534997619887092
0.519355990165558
0.995184726672200
0.331106305759875
-0.724247082951441
-0.921514039342041
1.71450551880629e-15
0.926210242138312
0.689540544737065
-0.433093818853151
-0.995184726672197
-0.237023605994407
0.844853565249689
0.769103337645606
-0.382683432365093
-0.994564570734255
-0.170961888760300
0.906595704514915
0.634393284163646
-0.600616479383873
-0.914209755703548
0.201104634842051
1
0.189068664149804
-0.932992798834739
-0.508830142543106
0.773010453362738
0.736816568877368
-0.575808191417883
-0.879012226428633
0.382683432365091
0.955141168305784
-0.219101240156870
-0.988257567730756
0.0980171403295614
0.998475580573297
-0.0245412285229128
-0.999981175282601
0